38.28837943815329
57.0701322935211
19.209372712298546
14.7648230602334
13.416407864998739
1.0
33.734255586866
4.0
0.0
38.47076812334269
13.341664064126334
38.8329756778952
2.0
26.1725046566048
50.0
28.0178514522438
35.35533905932738
7.0
8.48528137423857
12.165525060596439
20.396078054371138
2.0
28.844410203711913
15.0
36.013886210738214
18.110770276274835
5.830951894845301
29.614185789921695
41.30375285612676
6.0
24.166091947189145
22.20360331117452
35.38361202590826
43.139309220245984
24.331050121192877
41.23105625617661
61.29437168288782
13.0
6.0
5.0
1.0
31.04834939252005
33.83784863137726
3.0
4.0
19.026297590440446
32.28002478313795
8.0
46.09772228646444
2.0
4.0
4.0
7.0
12.0
24.413111231467404
16.1245154965971
20.8806130178211
13.892443989449804
29.274562336608895
15.297058540778355
29.206163733020468
51.088159097779204
17.804493814764857
39.319206502675
3.0
5.0
49.24428900898052
4.0
34.539832078341085
0.0
5.0
18.027756377319946
14.0
16.401219466856727
23.0
1.4142135623730951
9.0
14.317821063276353
30.01666203960727
38.948684188300895
15.297058540778355
12.806248474865697
30.265491900843113
28.460498941515414
9.219544457292887
8.0
30.59411708155671
15.033296378372908
41.617304093369626
5.385164807134504
45.967379738244816
2.0
10.63014581273465
6.0
1.0
31.575306807693888
25.298221281347036
41.400483088968905
0.0
2.0
0.0
2.0
37.21558813185679
8.06225774829855
2.0
1.4142135623730951
4.0
11.40175425099138
1.0
52.392747589718944
4.0
58.60034129593445
40.24922359499622
2.0
2.0
8.06225774829855
14.422205101855956
44.01136216933077
18.35755975068582
4.0
6.0
5.656854249492381
1.0
19.6468827043885
17.0
19.209372712298546
25.0
6.0
28.0178514522438
46.04345773288535
9.848857801796104
29.5296461204668
19.235384061671343
20.223748416156685
15.811388300841896
0.0
24.351591323771842
1.0
39.56008088970496
24.351591323771842
35.22782990761707
3.0
58.66856057549052
9.0
6.0
16.55294535724685
2.0
1.0
15.264337522473747
24.020824298928627
24.186773244895647
21.0
1.0
14.7648230602334
10.0
5.0
36.235341863986875
4.0
48.05205510693585
27.0
20.223748416156685
19.72308292331602
31.304951684997057
21.400934559032695
38.58756276314948
14.866068747318506
18.384776310850235
19.849433241279208
17.69180601295413
8.0
41.43669871020132
40.24922359499622
22.847319317591726
5.0
39.293765408777
9.0
44.553338819890925
24.596747752497688
29.410882339705484
6.0
25.553864678361276
28.30194339616981
7.0
12.529964086141668
22.847319317591726
53.85164807134504
12.0
11.0
2.0
3.0
0.0
2.0
28.284271247461902
49.24428900898052
31.25699921617557
2.0
62.369864518050704
6.0
7.0
17.4928556845359
28.792360097775937
29.732137494637012
0.0
8.0
20.396078054371138
2.0
38.63935817272331
8.94427190999916
1.0
32.55764119219941
15.556349186104045
11.045361017187261
14.212670403551895
8.0
28.861739379323623
21.470910553583888
31.78049716414141
49.09175083453431
9.486832980505138
22.20360331117452
28.284271247461902
5.0
31.304951684997057
25.079872407968907
44.27188724235731
13.892443989449804
3.0
32.38826948140329
70.68238818828917
44.294469180700204
29.120439557122072
40.0
16.55294535724685
7.0
25.317977802344327
46.8187996428785
28.653097563788805
19.1049731745428
29.068883707497267
25.0
12.165525060596439
27.202941017470888
31.32091952673165
16.15549442140351
38.63935817272331
8.0
14.422205101855956
42.7551166528639
18.110770276274835
40.85339643163099
34.17601498127012
29.832867780352597
19.0
30.886890422961002
10.816653826391969
0.0
3.0
1.0
35.22782990761707
32.449961479175904
28.792360097775937
28.178005607210743
8.0
14.866068747318506
30.0
13.038404810405298
9.0
13.038404810405298
18.439088914585774
0.0
6.0
19.849433241279208
31.304951684997057
0.0
20.248456731316587
16.64331697709324
27.85677655436824
19.1049731745428
5.0
11.704699910719626
2.23606797749979
43.60045871318328
4.0
7.0
33.61547262794322
34.40930106817051
7.0
3.605551275463989
19.72308292331602
30.479501308256342
1.0
6.0
0.0
38.47076812334269
2.0
29.0
17.804493814764857
1.0
43.56604182158393
59.481089431852205
2.0
11.0
23.194827009486403
22.135943621178654
47.41307836451879
20.0
15.132745950421556
36.0
45.27692569068709
9.0
30.0
5.0
43.93176527297759
8.0
56.302753041036986
11.40175425099138
6.0
26.076809620810597
5.830951894845301
52.43090691567332
18.973665961010276
19.4164878389476
33.421549934136806
6.0
12.0
15.033296378372908
8.602325267042627
7.615773105863909
2.0
33.24154027718932
5.0
7.615773105863909
6.4031242374328485
5.0
9.848857801796104
22.360679774997898
9.486832980505138
25.612496949731394
23.194827009486403
32.802438933713454
2.0
5.0
37.0
0.0
16.278820596099706
28.160255680657446
10.0
12.165525060596439
27.313000567495326
15.264337522473747
22.090722034374522
68.4470598345904
36.0
18.439088914585774
5.0990195135927845
0.0
12.041594578792296
9.0
3.0
29.068883707497267
9.219544457292887
19.235384061671343
4.0
17.804493814764857
32.0
0.0
17.804493814764857
5.0
1.0
27.294688127912362
28.0178514522438
11.0
8.0
7.0
17.72004514666935
0.0
7.0
13.45362404707371
4.123105625617661
26.90724809414742
9.0
29.427877939124322
7.0
9.0
9.848857801796104
26.1725046566048
43.01162633521314
4.0
9.219544457292887
7.0710678118654755
4.0
35.4682957019364
10.816653826391969
42.720018726587654
12.0
12.041594578792296
22.135943621178654
19.72308292331602
35.22782990761707
3.0
10.0
33.54101966249684
8.0
15.297058540778355
15.652475842498529
17.029386365926403
1.0
37.20215047547655
2.0
13.601470508735444
5.0
10.0
22.360679774997898
50.32891812864648
12.083045973594572
2.0
31.240998703626616
3.0
38.01315561749642
26.40075756488817
26.40075756488817
43.41658669218482
64.6297145282261
55.326304774492215
2.0
9.0
0.0
3.0
3.0
10.0
1.0
3.0
7.280109889280518
47.16990566028302
2.0
3.0
8.246211251235321
10.770329614269007
5.0
17.08800749063506
16.1245154965971
14.212670403551895
20.248456731316587
4.0
3.0
9.0
32.984845004941285
21.18962010041709
12.0
22.02271554554524
3.0
1.0
11.0
23.769728648009426
31.016124838541646
14.0
16.15549442140351
10.0
18.384776310850235
12.041594578792296
25.942243542145693
7.0
8.06225774829855
18.788294228055936
0.0
27.784887978899608
3.0
12.0
13.92838827718412
48.76474136094644
27.80287754891569
11.0
46.95742752749558
19.697715603592208
0.0
6.0
25.059928172283335
57.245087125446844
5.0
7.0
5.0
4.0
52.69724850502159
5.0
0.0
31.144823004794873
11.0
19.0
0.0
13.45362404707371
1.0
4.123105625617661
3.0
4.0
26.627053911388696
31.064449134018133
58.008620049092706
3.0
49.03060268852505
21.95449840010015
1.0
20.0
6.4031242374328485
8.0
34.058772731852805
5.0990195135927845
6.0
11.0
0.0
41.10960958218893
33.06055050963308
7.0
11.0
0.0
38.27531841800928
18.027756377319946
1.0
3.0
30.0
13.416407864998739
7.0
0.0
5.0
27.073972741361768
55.08175741568164
7.0
4.0
16.0
2.0
50.99019513592785
20.518284528683193
27.16615541441225
8.0
0.0
36.05551275463989
26.40075756488817
26.570660511172846
56.293871780150276
17.0
3.0
31.400636936215164
32.55764119219941
10.0
26.40075756488817
2.0
13.601470508735444
21.18962010041709
22.67156809750927
9.0
15.132745950421556
27.202941017470888
6.0
9.0
1.0
47.095647357266465
9.055385138137417
6.0
36.138621999185304
6.0
4.0
10.0
45.880278987817846
12.041594578792296
52.03844732503075
43.56604182158393
1.0
10.0
20.12461179749811
44.27188724235731
4.0
17.69180601295413
20.248456731316587
1.0
8.0
4.0
11.40175425099138
6.0
47.12748667179272
2.0
0.0
5.0
10.0
54.589376255824725
5.0990195135927845
34.17601498127012
0.0
2.0
5.0
6.0
11.0
1.0
13.892443989449804
5.0
13.152946437965905
3.0
55.226805085936306
2.0
0.0
23.769728648009426
1.0
9.0
27.85677655436824
2.0
1.0
29.154759474226502
4.0
31.38470965295043
1.0
34.713109915419565
0.0
1.0
12.083045973594572
12.083045973594572
37.57658845611187
8.0
12.36931687685298
32.802438933713454
12.0
6.708203932499369
13.0
18.110770276274835
25.317977802344327
17.029386365926403
1.0
1.0
11.40175425099138
18.681541692269406
4.47213595499958
10.0
32.69556544854363
48.010415536631214
9.848857801796104
1.0
0.0
24.20743687382041
1.0
2.8284271247461903
2.0
35.22782990761707
41.88078318274385
42.04759208325728
7.0
35.4682957019364
14.866068747318506
10.04987562112089
5.0
23.345235059857504
25.553864678361276
0.0
49.64876634922564
9.433981132056603
0.0
5.0
29.546573405388315
44.94441010848846
26.40075756488817
8.0
12.041594578792296
4.0
7.0
1.0
19.924858845171276
5.0990195135927845
23.600847442411894
26.627053911388696
26.248809496813376
35.11409973215888
6.0
4.0
11.40175425099138
22.20360331117452
3.0
20.0
37.69615364994153
23.430749027719962
6.0
4.0
5.385164807134504
1.0
4.0
4.0
6.082762530298219
24.0
41.78516483155236
0.0
24.166091947189145
30.4138126514911
28.792360097775937
34.539832078341085
8.0
32.01562118716424
12.529964086141668
20.615528128088304
15.231546211727817
28.0178514522438
23.40939982143925
50.96076922496363
4.242640687119285
2.0
21.37755832643195
2.0
23.769728648009426
15.620499351813308
32.55764119219941
46.06517122512408
9.0
18.867962264113206
8.0
24.166091947189145
3.605551275463989
23.430749027719962
3.0
20.615528128088304
6.324555320336759
25.0
31.906112267087632
19.1049731745428
27.586228448267445
36.61966684720111
21.540659228538015
17.11724276862369
6.0
16.76305461424021
14.0
17.11724276862369
38.0
17.26267650163207
24.186773244895647
31.144823004794873
26.076809620810597
28.42534080710379
37.64306044943742
7.0
3.0
24.839484696748443
11.40175425099138
8.246211251235321
1.0
43.18564576337837
10.44030650891055
34.48187929913333
14.035668847618199
20.024984394500787
31.25699921617557
8.0
1.0
24.186773244895647
34.66987164671943
46.17358552246078
7.0710678118654755
1.0
55.21775076911409
11.0
25.96150997149434
22.20360331117452
7.0
5.0
6.082762530298219
23.08679276123039
31.304951684997057
15.620499351813308
17.08800749063506
17.69180601295413
13.152946437965905
7.0710678118654755
19.209372712298546
29.614185789921695
29.154759474226502
10.63014581273465
37.8021163428716
24.73863375370596
14.560219778561036
19.209372712298546
8.246211251235321
40.80441152620633
37.21558813185679
10.04987562112089
15.0
21.93171219946131
35.84689665786984
7.280109889280518
19.72308292331602
47.38143096192854
11.180339887498949
11.0
18.0
19.4164878389476
26.92582403567252
1.0
17.72004514666935
21.633307652783937
26.570660511172846
3.0
8.0
31.304951684997057
35.17101079013795
16.55294535724685
21.540659228538015
3.0
16.0
7.615773105863909
17.88854381999832
4.0
23.194827009486403
17.029386365926403
53.600373133029585
3.0
19.924858845171276
12.727922061357855
13.601470508735444
21.18962010041709
24.08318915758459
24.413111231467404
10.0
14.317821063276353
18.24828759089466
18.027756377319946
40.311288741492746
10.0
15.297058540778355
17.46424919657298
49.0
21.095023109728988
25.553864678361276
44.384682042344295
7.0
23.53720459187964
36.89173349139343
4.0
22.360679774997898
5.0
24.698178070456937
25.942243542145693
35.35533905932738
40.718546143004666
17.029386365926403
44.40720662234904
11.661903789690601
28.460498941515414
12.083045973594572
17.72004514666935
15.0
14.142135623730951
4.123105625617661
5.0
19.6468827043885
27.65863337187866
22.80350850198276
47.38143096192854
21.37755832643195
44.01136216933077
19.0
20.615528128088304
18.439088914585774
36.05551275463989
16.55294535724685
24.186773244895647
7.0710678118654755
0.0
26.40075756488817
1.0
17.0
37.656340767525464
48.25971404805462
29.274562336608895
7.280109889280518
30.066592756745816
11.180339887498949
22.847319317591726
36.05551275463989
5.0
33.06055050963308
7.615773105863909
23.600847442411894
30.066592756745816
15.556349186104045
0.0
16.0312195418814
15.652475842498529
13.0
19.0
35.35533905932738
30.01666203960727
2.0
25.495097567963924
22.0
1.0
2.0
8.54400374531753
34.40930106817051
1.0
18.027756377319946
34.52535300326414
2.0
33.24154027718932
14.866068747318506
11.0
51.85556864985669
10.63014581273465
28.861739379323623
59.90826320300064
4.123105625617661
3.0
13.0
14.422205101855956
27.294688127912362
7.0
12.083045973594572
31.906112267087632
56.36488268416781
12.041594578792296
10.0
18.027756377319946
31.38470965295043
14.866068747318506
15.620499351813308
43.41658669218482
5.385164807134504
4.0
27.294688127912362
3.0
32.2490309931942
6.0
27.51363298439521
14.7648230602334
28.861739379323623
16.1245154965971
11.40175425099138
24.515301344262525
18.110770276274835
5.0
15.0
8.0
33.37663853655727
5.830951894845301
44.294469180700204
26.1725046566048
1.0
4.0
14.317821063276353
9.899494936611665
14.142135623730951
19.0
28.160255680657446
34.92849839314596
16.76305461424021
23.259406699226016
18.0
21.2602916254693
3.0
1.0
5.0
6.0
33.12099032335839
14.142135623730951
21.93171219946131
29.068883707497267
15.0
3.0
26.076809620810597
42.941821107167776
27.892651361962706
6.324555320336759
9.0
46.69047011971501
46.010868281309364
8.0
12.0
35.6931365951495
4.0
14.7648230602334
30.4138126514911
27.586228448267445
45.0111097397076
10.0
26.30589287593181
14.212670403551895
1.0
31.016124838541646
36.61966684720111
33.61547262794322
23.769728648009426
19.849433241279208
28.178005607210743
20.615528128088304
25.495097567963924
8.0
13.152946437965905
1.0
14.422205101855956
1.0
12.0
20.8806130178211
13.152946437965905
47.43416490252569
36.87817782917155
32.89376840679705
26.40075756488817
46.647615158762406
23.600847442411894
32.64965543462902
25.612496949731394
9.219544457292887
8.06225774829855
22.825424421026653
13.038404810405298
33.24154027718932
1.0
35.17101079013795
3.0
4.0
17.0
36.345563690772494
23.769728648009426
16.0312195418814
14.0
12.529964086141668
3.0
20.09975124224178
25.317977802344327
7.0
35.35533905932738
7.810249675906654
1.0
40.22437072223753
2.23606797749979
24.020824298928627
74.33034373659252
41.23105625617661
34.92849839314596
6.4031242374328485
26.0
29.5296461204668
30.14962686336267
34.058772731852805
38.3275357934736
22.02271554554524
18.384776310850235
1.0
66.03029607687671
34.058772731852805
34.058772731852805
15.0
17.0
27.85677655436824
5.0
23.853720883753127
11.0
0.0
14.212670403551895
23.0
8.0
14.7648230602334
28.30194339616981
0.0
5.0
45.5411901469428
12.165525060596439
5.0
20.024984394500787
16.278820596099706
59.033888572581766
2.0
1.0
37.589892258425
19.6468827043885
25.079872407968907
43.32435804486894
18.35755975068582
22.360679774997898
25.96150997149434
31.78049716414141
25.0
21.470910553583888
33.421549934136806
18.384776310850235
14.0
9.219544457292887
2.0
23.0
37.33630940518894
17.11724276862369
7.810249675906654
39.20459156782532
31.400636936215164
4.47213595499958
21.02379604162864
9.0
35.38361202590826
3.0
35.4400902933387
18.384776310850235
12.0
21.95449840010015
3.0
40.311288741492746
40.8166632639171
35.0
22.825424421026653
31.400636936215164
50.28916384272063
17.0
16.0
11.40175425099138
33.421549934136806
43.104524124504614
1.0
41.048751503547585
26.30589287593181
47.38143096192854
0.0
37.12142238654117
14.0
3.0
10.0
23.323807579381203
18.439088914585774
19.0
0.0
32.69556544854363
20.12461179749811
3.605551275463989
39.84971769034255
49.658836071740545
10.0
27.294688127912362
21.400934559032695
1.0
22.02271554554524
28.792360097775937
2.8284271247461903
42.42640687119285
15.0
34.828149534535996
27.85677655436824
9.486832980505138
21.0
19.72308292331602
36.40054944640259
1.0
42.20189569201838
2.0
14.142135623730951
36.40054944640259
2.0
24.839484696748443
6.0
2.0
14.7648230602334
61.07372593840988
16.55294535724685
48.76474136094644
20.09975124224178
36.235341863986875
55.90169943749474
15.033296378372908
10.0
19.209372712298546
4.47213595499958
12.0
6.0
10.04987562112089
26.30589287593181
8.0
25.495097567963924
28.319604517012593
4.0
36.235341863986875
18.027756377319946
5.0
25.059928172283335
21.93171219946131
21.2602916254693
34.0
19.72308292331602
15.652475842498529
40.44749683231337
26.570660511172846
50.24937810560445
39.11521443121589
3.0
14.560219778561036
16.1245154965971
10.816653826391969
9.0
17.029386365926403
15.620499351813308
3.0
32.14031735997639
1.0
14.866068747318506
3.0
55.47071299343465
7.810249675906654
39.293765408777
25.238858928247925
22.090722034374522
19.6468827043885
26.0
41.773197148410844
8.54400374531753
10.0
34.92849839314596
5.0
26.92582403567252
43.01162633521314
25.079872407968907
33.421549934136806
1.0
11.0
5.0
2.0
36.124783736376884
34.713109915419565
10.0
2.0
11.40175425099138
2.0
12.36931687685298
2.0
23.345235059857504
43.278170016764804
5.830951894845301
18.439088914585774
18.24828759089466
22.02271554554524
71.58910531638176
3.0
22.02271554554524
17.26267650163207
0.0
4.0
32.2490309931942
11.0
15.231546211727817
23.345235059857504
29.154759474226502
1.0
46.87216658103186
36.40054944640259
0.0
1.0
11.0
21.18962010041709
6.0
41.182520563948
25.632011235952593
22.47220505424423
2.0
25.0
8.54400374531753
38.05259518088089
0.0
24.0
10.295630140987
23.323807579381203
29.154759474226502
16.0
7.0
30.4138126514911
36.87817782917155
9.0
20.248456731316587
38.948684188300895
4.0
11.180339887498949
33.13608305156178
40.607881008493905
1.0
21.02379604162864
4.0
7.810249675906654
10.0
1.0
31.38470965295043
56.302753041036986
3.0
23.345235059857504
13.416407864998739
9.0
35.22782990761707
4.0
40.0
16.0
52.92447448959697
2.0
40.496913462633174
31.016124838541646
28.442925306655784
1.0
11.045361017187261
41.23105625617661
8.0
5.0
14.866068747318506
11.661903789690601
13.0
36.013886210738214
16.55294535724685
10.0
21.0
29.732137494637012
28.460498941515414
12.727922061357855
42.5440947723653
34.66987164671943
4.0
0.0
19.235384061671343
21.2602916254693
0.0
27.073972741361768
10.0
37.44329045369811
3.0
20.0
24.698178070456937
15.033296378372908
32.38826948140329
19.313207915827967
27.018512172212592
35.805027579936315
33.83784863137726
34.36568055487916
45.65084884205331
35.12833614050059
22.0
41.0
43.01162633521314
25.059928172283335
30.463092423455635
17.88854381999832
29.154759474226502
23.600847442411894
32.89376840679705
10.295630140987
46.09772228646444
12.083045973594572
31.016124838541646
18.439088914585774
36.87817782917155
12.0
16.55294535724685
28.442925306655784
12.36931687685298
18.973665961010276
5.0
19.0
30.0
23.194827009486403
34.132096331752024
3.605551275463989
23.345235059857504
5.830951894845301
34.058772731852805
0.0
7.211102550927978
31.953090617340916
36.0
35.014282800023196
15.652475842498529
47.01063709417264
32.202484376209235
32.31098884280702
18.110770276274835
59.22837157984339
38.01315561749642
22.67156809750927
9.219544457292887
40.24922359499622
31.38470965295043
42.05948168962618
58.309518948453004
42.190046219457976
28.600699292150182
11.40175425099138
0.0
12.727922061357855
12.206555615733702
42.5205832509386
0.0
3.0
29.614185789921695
10.0
43.965895873961216
45.31004303683677
7.280109889280518
11.40175425099138
18.027756377319946
33.94112549695428
11.0
29.274562336608895
0.0
37.12142238654117
2.0
36.124783736376884
19.0
6.0
35.11409973215888
2.0
15.264337522473747
0.0
14.866068747318506
50.24937810560445
13.601470508735444
54.230987451824994
5.0
9.219544457292887
15.811388300841896
10.0
6.0
6.0
40.024992192379
28.0178514522438
45.27692569068709
35.90264614203248
40.80441152620633
20.12461179749811
23.706539182259394
39.824615503479755
18.788294228055936
37.48332962798263
27.459060435491963
34.88552708502482
10.295630140987
13.341664064126334
1.0
29.427877939124322
29.614185789921695
15.132745950421556
12.083045973594572
21.93171219946131
17.4928556845359
40.45985664828782
10.295630140987
3.605551275463989
5.0
32.55764119219941
14.560219778561036
26.0
36.68787265568828
19.0
42.95346318982906
7.0
4.0
38.600518131237564
6.0
17.0
32.01562118716424
17.204650534085253
2.0
7.0
44.01136216933077
22.02271554554524
48.79549159502341
41.6293165929973
20.12461179749811
18.24828759089466
32.01562118716424
24.515301344262525
12.529964086141668
9.0
48.30113870293329
21.633307652783937
37.8021163428716
19.0
25.96150997149434
20.8806130178211
3.0
9.0
17.204650534085253
9.0
6.0
42.1070065428546
15.524174696260024
6.0
27.784887978899608
3.0
34.132096331752024
39.66106403010388
22.561028345356956
58.82176467941097
1.0
13.601470508735444
16.64331697709324
17.46424919657298
19.1049731745428
23.345235059857504
4.0
19.0
40.792156108742276
46.010868281309364
19.4164878389476
17.69180601295413
10.295630140987
46.06517122512408
2.0
13.038404810405298
38.47076812334269
18.867962264113206
21.95449840010015
18.384776310850235
36.68787265568828
3.605551275463989
1.0
29.410882339705484
3.1622776601683795
35.510561809129406
37.0
6.0
24.596747752497688
34.48187929913333
8.0
39.698866482558415
0.0
30.23243291566195
18.384776310850235
33.13608305156178
18.35755975068582
40.26164427839479
33.015148038438355
27.018512172212592
24.413111231467404
3.0
12.0
29.068883707497267
48.75448697299562
45.65084884205331
15.0
7.0
36.49657518178932
36.22154055254967
40.607881008493905
36.05551275463989
10.198039027185569
27.459060435491963
6.0
33.28663395418648
18.788294228055936
23.600847442411894
25.632011235952593
36.124783736376884
14.212670403551895
10.198039027185569
26.40075756488817
22.02271554554524
20.615528128088304
7.0710678118654755
40.718546143004666
35.4682957019364
6.0
48.373546489791295
1.0
23.769728648009426
34.92849839314596
37.8549864614954
30.23243291566195
7.0
55.02726596879042
15.132745950421556
1.0
28.861739379323623
25.495097567963924
15.231546211727817
33.015148038438355
47.885279575251516
38.0
4.47213595499958
30.675723300355934
4.242640687119285
46.69047011971501
52.88667128870941
10.04987562112089
9.219544457292887
34.713109915419565
64.07807737440318
8.0
43.73785545725808
30.23243291566195
33.28663395418648
27.16615541441225
18.384776310850235
40.0
4.0
10.0
3.0
3.0
13.92838827718412
58.0
30.23243291566195
20.615528128088304
4.0
5.656854249492381
38.05259518088089
20.0
4.0
9.486832980505138
21.02379604162864
6.708203932499369
24.08318915758459
25.632011235952593
21.37755832643195
26.90724809414742
41.10960958218893
13.601470508735444
1.0
13.416407864998739
3.0
42.7551166528639
10.04987562112089
30.364452901377952
30.01666203960727
10.04987562112089
35.11409973215888
20.248456731316587
18.681541692269406
37.53664875824692
8.0
17.72004514666935
11.40175425099138
19.0
34.0
12.165525060596439
17.204650534085253
36.359317925395686
22.02271554554524
9.0
15.0
22.80350850198276
24.041630560342615
17.204650534085253
17.26267650163207
0.0
4.0
32.449961479175904
35.38361202590826
48.82622246293481
24.596747752497688
10.0
24.698178070456937
1.0
25.0
15.556349186104045
35.84689665786984
7.0
4.0
22.47220505424423
17.204650534085253
1.0
3.0
30.01666203960727
8.94427190999916
33.54101966249684
6.0
7.0
21.93171219946131
12.083045973594572
36.87817782917155
44.721359549995796
3.0
34.828149534535996
29.732137494637012
52.630789467763066
2.0
13.341664064126334
5.0
8.0
31.016124838541646
42.638011210655684
20.591260281974
25.0
46.32493928760188
19.1049731745428
41.773197148410844
65.19202405202648
25.45584412271571
9.0
8.0
38.948684188300895
31.76476034853718
3.0
33.83784863137726
13.0
7.0
36.013886210738214
10.0
31.144823004794873
59.033888572581766
32.202484376209235
26.419689627245813
13.601470508735444
13.038404810405298
23.021728866442675
11.313708498984761
34.785054261852174
28.635642126552707
6.0
14.866068747318506
12.083045973594572
2.0
12.206555615733702
33.24154027718932
20.615528128088304
22.67156809750927
18.439088914585774
38.897300677553446
32.31098884280702
9.0
6.0
31.400636936215164
2.0
30.083217912982647
15.524174696260024
6.0
3.1622776601683795
14.422205101855956
5.385164807134504
15.524174696260024
45.0
5.0
24.596747752497688
36.359317925395686
26.0
29.698484809834994
7.0
8.94427190999916
13.601470508735444
25.059928172283335
13.601470508735444
23.194827009486403
4.0
24.186773244895647
42.42640687119285
2.0
40.52159917870962
34.0
1.0
38.897300677553446
1.4142135623730951
1.0
29.832867780352597
0.0
18.681541692269406
15.132745950421556
27.018512172212592
15.524174696260024
39.92492955535426
6.0
34.132096331752024
5.0
17.204650534085253
28.231188426986208
16.76305461424021
34.539832078341085
24.041630560342615
2.23606797749979
14.142135623730951
36.76955262170047
25.553864678361276
25.80697580112788
21.93171219946131
0.0
35.0
18.24828759089466
4.0
5.385164807134504
5.0
11.661903789690601
18.788294228055936
37.107950630558946
28.861739379323623
6.708203932499369
43.278170016764804
25.612496949731394
9.0
41.593268686170845
43.0
1.0
18.24828759089466
25.0
22.67156809750927
54.00925846556311
26.0
30.083217912982647
20.0
6.0
5.0
29.546573405388315
19.4164878389476
17.69180601295413
21.540659228538015
14.317821063276353
23.430749027719962
58.60034129593445
20.518284528683193
48.33218389437829
24.596747752497688
36.71511950137164
3.605551275463989
21.0
15.524174696260024
7.0
4.47213595499958
21.213203435596427
22.67156809750927
32.01562118716424
18.384776310850235
39.05124837953327
12.041594578792296
1.0
51.478150704935004
12.806248474865697
17.204650534085253
15.231546211727817
13.601470508735444
53.14132102234569
5.0
9.219544457292887
34.785054261852174
57.0087712549569
37.53664875824692
22.80350850198276
49.24428900898052
0.0
59.0592922409336
46.14108798023731
14.317821063276353
2.23606797749979
32.55764119219941
37.57658845611187
22.80350850198276
48.60041152089147
40.85339643163099
20.615528128088304
20.024984394500787
18.439088914585774
0.0
21.400934559032695
25.553864678361276
18.439088914585774
29.68164415931166
9.433981132056603
19.697715603592208
30.14962686336267
19.79898987322333
30.083217912982647
6.0
9.899494936611665
1.0
36.013886210738214
32.01562118716424
1.0
29.0
27.018512172212592
31.0
23.769728648009426
29.017236257093817
6.0
3.0
13.341664064126334
49.24428900898052
5.0990195135927845
20.591260281974
13.0
44.553338819890925
3.0
3.0
2.0
2.8284271247461903
15.132745950421556
3.605551275463989
19.209372712298546
22.0
18.439088914585774
5.0990195135927845
4.0
9.0
25.0
6.0
25.059928172283335
13.038404810405298
1.0
13.416407864998739
7.0
12.529964086141668
65.0
29.068883707497267
19.924858845171276
50.0
29.068883707497267
39.56008088970496
20.12461179749811
38.0
20.248456731316587
19.849433241279208
41.617304093369626
29.410882339705484
11.0
4.0
9.899494936611665
26.92582403567252
27.65863337187866
15.811388300841896
0.0
44.68780594300866
0.0
1.0
12.083045973594572
4.0
22.02271554554524
12.36931687685298
35.17101079013795
8.246211251235321
6.0
27.018512172212592
25.079872407968907
37.64306044943742
17.4928556845359
23.853720883753127
8.0
5.0
32.38826948140329
46.17358552246078
16.64331697709324
7.0
48.27007354458868
7.0710678118654755
39.408120990476064
2.0
0.0
6.0
37.0
3.0
13.038404810405298
17.204650534085253
26.570660511172846
8.0
44.28317965096906
9.486832980505138
21.587033144922902
35.35533905932738
36.138621999185304
27.730849247724095
0.0
32.202484376209235
20.12461179749811
6.4031242374328485
46.87216658103186
31.304951684997057
8.0
2.0
1.0
5.830951894845301
37.36308338453881
1.0
17.46424919657298
0.0
37.73592452822641
17.029386365926403
17.46424919657298
44.0
29.546573405388315
7.0
12.206555615733702
15.0
0.0
5.830951894845301
0.0
5.830951894845301
12.649110640673518
11.0
35.35533905932738
35.38361202590826
13.601470508735444
18.973665961010276
36.89173349139343
34.0
0.0
4.123105625617661
17.46424919657298
2.23606797749979
25.0
22.47220505424423
21.02379604162864
29.0
6.708203932499369
59.665735560705194
25.179356624028344
17.46424919657298
12.0
61.5223536610881
0.0
22.47220505424423
22.561028345356956
62.16912416947821
12.041594578792296
35.17101079013795
30.0
29.546573405388315
12.36931687685298
43.657759905886145
1.0
42.2965719651132
29.154759474226502
9.486832980505138
46.14108798023731
15.0
2.0
14.142135623730951
48.104053883222775
18.027756377319946
23.021728866442675
16.401219466856727
16.1245154965971
11.0
9.0
29.017236257093817
10.0
4.0
3.0
44.598206241955516
1.0
10.63014581273465
38.01315561749642
7.0710678118654755
0.0
5.0
8.0
25.495097567963924
3.605551275463989
9.0
38.118237105091836
8.54400374531753
27.018512172212592
6.0
13.0
3.0
5.0
37.73592452822641
33.12099032335839
5.0
19.235384061671343
11.40175425099138
37.16180835212409
1.0
30.805843601498726
2.0
1.0
14.0
15.0
0.0
12.165525060596439
1.0
12.0
53.33854141237835
8.0
23.769728648009426
3.1622776601683795
5.385164807134504
41.43669871020132
1.0
1.0
5.0
35.34119409414458
16.0
40.024992192379
0.0
29.154759474226502
23.021728866442675
3.0
2.0
7.0
25.632011235952593
9.0
10.0
46.14108798023731
24.515301344262525
12.0
3.0
5.0
7.0
24.596747752497688
29.410882339705484
4.0
44.204072210600685
29.614185789921695
3.0
0.0
6.0
11.180339887498949
14.317821063276353
2.0
25.612496949731394
21.37755832643195
3.0
3.0
17.029386365926403
1.0
14.0
31.304951684997057
5.0
3.0
1.0
10.0
5.0
24.020824298928627
50.21951811795888
2.0
5.0
2.0
38.28837943815329
31.064449134018133
21.095023109728988
51.62363799656123
33.12099032335839
4.0
18.681541692269406
4.0
46.09772228646444
22.561028345356956
48.91829923454004
14.142135623730951
0.0
21.02379604162864
7.0
1.0
16.0
1.0
9.0
12.083045973594572
15.652475842498529
11.661903789690601
46.04345773288535
16.492422502470642
15.0
18.439088914585774
27.313000567495326
5.0
6.0
37.33630940518894
38.91015291668744
43.32435804486894
1.0
22.090722034374522
32.69556544854363
9.433981132056603
8.0
2.0
4.0
0.0
4.0
7.0710678118654755
6.0
23.194827009486403
2.0
16.0
2.0
17.029386365926403
4.0
14.212670403551895
16.1245154965971
16.492422502470642
3.0
0.0
45.48626166217664
3.0
19.4164878389476
2.0
3.0
10.0
47.92702786528704
8.0
3.0
29.732137494637012
6.324555320336759
7.0
13.0
5.0
28.0
30.083217912982647
10.63014581273465
4.0
1.0
24.08318915758459
11.0
21.18962010041709
1.0
12.041594578792296
24.758836806279895
23.08679276123039
6.0
1.0
3.0
10.0
51.19570294468082
13.416407864998739
22.67156809750927
14.866068747318506
14.866068747318506
25.495097567963924
47.70744176750625
26.92582403567252
7.0
20.396078054371138
6.0
29.410882339705484
35.22782990761707
15.811388300841896
36.235341863986875
1.0
5.0
12.206555615733702
2.0
2.0
6.0
3.0
2.0
26.30589287593181
0.0
27.784887978899608
39.408120990476064
8.0
14.0
5.0
4.0
5.0
8.0
50.48762224545735
5.0
14.0
39.6232255123179
23.323807579381203
32.202484376209235
2.0
31.016124838541646
2.0
5.0
10.0
33.28663395418648
12.206555615733702
0.0
9.0
69.63476143421474
12.649110640673518
9.0
2.0
1.0
4.0
11.661903789690601
44.01136216933077
5.0
16.1245154965971
0.0
9.0
5.0
7.0710678118654755
16.1245154965971
39.44616584663204
45.65084884205331
0.0
13.0
27.51363298439521
19.72308292331602
8.0
11.0
0.0
23.021728866442675
15.0
33.52610922848042
0.0
5.0
13.45362404707371
11.40175425099138
6.0
19.235384061671343
7.0710678118654755
19.0
7.0
20.591260281974
8.0
17.029386365926403
5.0
4.0
21.587033144922902
24.839484696748443
4.0
2.0
13.038404810405298
25.495097567963924
36.796738985948195
0.0
6.0
13.038404810405298
6.0
9.0
25.96150997149434
22.627416997969522
8.0
17.0
0.0
1.0
2.0
3.0
5.0
8.94427190999916
1.0
11.40175425099138
1.0
1.0
4.0
26.419689627245813
12.806248474865697
9.0
5.0
37.013511046643494
2.0
8.0
12.727922061357855
3.0
7.0
50.08991914547278
38.47076812334269
8.94427190999916
6.0
18.027756377319946
31.016124838541646
29.5296461204668
2.0
35.12833614050059
13.416407864998739
7.0
7.0
6.0
2.0
2.0
0.0
7.0
3.0
5.0
14.142135623730951
0.0
7.0
30.066592756745816
3.0
3.0
9.486832980505138
35.6931365951495
5.0
32.526911934581186
11.0
34.20526275297414
22.825424421026653
2.0
10.0
2.0
52.354560450833695
14.035668847618199
10.0
1.0
0.0
32.01562118716424
16.76305461424021
5.0
5.0
1.0
6.0
2.0
51.92301994298868
0.0
18.24828759089466
22.0
7.0
1.0
7.0
0.0
1.0
1.0
15.652475842498529
35.4400902933387
27.459060435491963
0.0
3.0
5.0
6.0
11.0
1.0
0.0
28.0178514522438
23.259406699226016
11.0
0.0
8.06225774829855
0.0
2.0
30.01666203960727
3.0
3.0
19.313207915827967
3.0
12.041594578792296
32.202484376209235
14.422205101855956
4.0
31.25699921617557
8.0
32.0624390837628
53.33854141237835
55.90169943749474
14.142135623730951
1.0
7.0
2.0
6.082762530298219
1.0
1.0
0.0
6.0
1.0
2.0
12.206555615733702
4.0
31.240998703626616
12.206555615733702
1.0
1.0
12.0
1.0
3.0
7.0
5.0
4.0
24.413111231467404
38.01315561749642
19.6468827043885
8.0
6.0
4.0
22.80350850198276
8.0
2.0
32.31098884280702
12.0
2.0
1.0
0.0
5.0
17.029386365926403
17.11724276862369
0.0
45.880278987817846
11.0
7.280109889280518
37.8021163428716
18.027756377319946
2.0
22.47220505424423
7.0
23.40939982143925
0.0
33.06055050963308
1.0
8.0
59.405386961116584
0.0
22.090722034374522
1.0
12.0
0.0
26.419689627245813
1.0
8.0
21.095023109728988
21.93171219946131
19.0
21.213203435596427
6.0
3.0
63.13477647065839
17.0
28.635642126552707
1.0
2.0
35.12833614050059
13.45362404707371
6.0
49.8196748283246
39.81205847478876
5.0
3.0
40.01249804748511
8.0
11.0
8.0
1.0
0.0
44.10215414239989
42.720018726587654
0.0
13.0
17.26267650163207
3.0
5.0
2.0
1.0
15.0
25.80697580112788
29.154759474226502
33.28663395418648
9.0
48.41487374764082
12.083045973594572
22.847319317591726
31.11269837220809
9.0
24.166091947189145
1.0
8.0
16.15549442140351
0.0
23.706539182259394
33.015148038438355
8.0
37.107950630558946
21.93171219946131
32.449961479175904
13.0
29.0
11.0
4.0
9.433981132056603
10.44030650891055
4.0
0.0
19.0
48.46648326421054
5.0
40.0
3.0
2.0
14.560219778561036
0.0
8.0
5.0
15.0
4.0
66.37017402418047
4.0
0.0
7.0
1.0
5.0990195135927845
2.0
6.4031242374328485
2.23606797749979
41.0
11.180339887498949
9.0
47.53945729601885
4.0
6.324555320336759
6.0
4.0
18.027756377319946
0.0
13.601470508735444
38.07886552931954
29.0
19.6468827043885
29.546573405388315
0.0
3.0
55.569775957799216
26.92582403567252
45.880278987817846
5.0
0.0
10.0
1.0
2.0
1.0
6.0
14.7648230602334
17.029386365926403
1.0
4.0
68.60029154456998
0.0
13.601470508735444
10.0
51.24451190127583
0.0
29.206163733020468
9.0
7.0
5.0
24.331050121192877
5.0
18.027756377319946
1.0
63.06346010171025
0.0
13.0
18.24828759089466
17.11724276862369
15.132745950421556
24.166091947189145
34.713109915419565
31.304951684997057
19.209372712298546
0.0
5.0
0.0
1.0
15.652475842498529
2.0
10.0
4.0
0.0
48.104053883222775
12.36931687685298
0.0
5.0
19.235384061671343
5.830951894845301
17.4928556845359
13.152946437965905
0.0
1.0
4.0
5.0
8.0
4.0
6.0
0.0
21.93171219946131
0.0
12.36931687685298
26.248809496813376
7.0
43.41658669218482
22.47220505424423
41.72529209005013
21.93171219946131
5.385164807134504
27.294688127912362
15.132745950421556
24.041630560342615
8.94427190999916
17.0
1.0
36.013886210738214
9.486832980505138
7.0
6.0
0.0
8.0
2.0
10.0
8.0
10.0
8.0
9.219544457292887
33.95585369269929
3.0
42.720018726587654
20.223748416156685
5.0
9.0
36.49657518178932
36.22154055254967
0.0
6.0
1.0
17.0
28.160255680657446
30.4138126514911
25.179356624028344
8.0
33.24154027718932
2.0
13.0
2.0
10.198039027185569
48.82622246293481
13.601470508735444
27.294688127912362
3.0
7.211102550927978
19.79898987322333
10.0
28.844410203711913
4.0
10.0
14.0
7.0
24.839484696748443
1.0
38.27531841800928
1.0
36.87817782917155
21.37755832643195
3.0
25.495097567963924
11.0
13.152946437965905
20.615528128088304
25.317977802344327
3.0
11.704699910719626
1.0
24.0
12.0
3.0
2.0
8.0
10.0
13.0
34.48187929913333
21.02379604162864
3.0
4.0
26.248809496813376
14.422205101855956
1.0
41.10960958218893
1.0
2.0
0.0
10.0
4.0
3.0
42.01190307520001
10.198039027185569
23.259406699226016
30.610455730027933
6.0
28.635642126552707
6.0
12.0
0.0
16.64331697709324
8.0
7.0
1.4142135623730951
6.0
4.0
3.0
7.211102550927978
14.317821063276353
1.0
21.18962010041709
1.0
6.0
9.219544457292887
2.0
0.0
25.179356624028344
1.0
28.653097563788805
4.0
21.633307652783937
1.0
1.0
5.0
9.0
5.0
35.35533905932738
4.0
4.0
7.0710678118654755
2.23606797749979
20.223748416156685
34.23448553724738
2.0
8.0
5.0
17.0
50.48762224545735
8.0
3.0
21.095023109728988
13.601470508735444
30.265491900843113
4.0
13.601470508735444
0.0
0.0
6.0
29.017236257093817
13.0
6.0
54.45181356024793
8.246211251235321
10.0
1.0
8.0
4.0
30.59411708155671
5.0
40.36087214122113
47.01063709417264
1.0
1.0
3.0
6.324555320336759
8.0
11.40175425099138
16.0312195418814
4.0
21.587033144922902
5.0
4.0
2.0
1.0
4.0
5.0
3.0
5.0
3.605551275463989
14.0
1.0
2.0
12.0
8.0
5.0
8.0
7.0
27.892651361962706
0.0
1.0
33.37663853655727
23.345235059857504
10.0
43.657759905886145
3.0
23.769728648009426
4.0
2.0
7.0
5.0
15.524174696260024
17.11724276862369
9.486832980505138
2.0
0.0
5.0
23.769728648009426
0.0
1.0
8.0
12.806248474865697
41.593268686170845
28.600699292150182
11.313708498984761
1.0
6.708203932499369
25.495097567963924
9.055385138137417
9.0
37.656340767525464
36.61966684720111
4.0
0.0
20.615528128088304
26.92582403567252
6.0
0.0
0.0
38.48376280978771
30.4138126514911
4.0
9.0
31.400636936215164
12.041594578792296
9.0
16.492422502470642
5.0
8.0
3.0
2.0
9.0
47.16990566028302
20.8806130178211
40.311288741492746
24.20743687382041
1.0
5.385164807134504
0.0
9.0
17.029386365926403
12.041594578792296
25.179356624028344
15.0
6.0
8.0
8.0
2.0
3.0
4.0
23.853720883753127
9.0
26.019223662515376
12.206555615733702
6.0
7.0
2.0
1.0
24.08318915758459
21.095023109728988
9.0
6.082762530298219
6.0
28.0
0.0
2.0
3.1622776601683795
10.0
13.601470508735444
16.278820596099706
4.123105625617661
39.81205847478876
1.0
4.0
9.0
11.0
9.433981132056603
14.0
2.0
4.0
33.61547262794322
9.0
13.0
1.0
7.211102550927978
27.202941017470888
2.0
26.870057685088806
4.0
17.46424919657298
6.0
8.0
2.0
6.0
16.0
0.0
0.0
6.0
1.0
49.76946855251722
8.0
0.0
4.0
18.24828759089466
25.495097567963924
1.0
9.848857801796104
16.0
6.0
12.529964086141668
29.698484809834994
37.44329045369811
31.11269837220809
5.0
0.0
16.278820596099706
39.05124837953327
7.0
0.0
6.0
38.07886552931954
26.1725046566048
8.246211251235321
4.0
0.0
30.0
4.0
20.0
3.0
7.0
23.021728866442675
6.0
27.459060435491963
18.973665961010276
5.0
1.0
3.0
33.97057550292606
19.72308292331602
14.0
41.30375285612676
58.0
0.0
0.0
15.811388300841896
4.0
0.0
7.0
13.0
1.0
4.0
0.0
10.0
0.0
1.0
47.70744176750625
1.0
6.0
10.816653826391969
1.0
29.274562336608895
25.079872407968907
10.0
4.0
30.675723300355934
8.0
39.6232255123179
1.0
20.248456731316587
8.0
30.066592756745816
2.0
18.0
56.859475903318
10.0
23.0
3.0
2.0
1.0
5.0
4.0
7.0
19.4164878389476
9.0
5.0
40.24922359499622
18.973665961010276
7.0
8.0
27.459060435491963
6.0
31.827660925679098
36.235341863986875
6.0
3.0
25.709920264364882
0.0
19.1049731745428
4.0
27.313000567495326
17.029386365926403
4.0
7.0
3.0
31.064449134018133
1.0
6.0
13.152946437965905
7.0
11.0
5.0
7.0
5.0
13.0
5.0
62.80127387243033
6.0
57.201398584300364
0.0
2.0
45.79301256742124
1.0
8.0
29.832867780352597
40.0
7.0
3.0
0.0
21.93171219946131
37.8021163428716
3.0
26.92582403567252
10.0
25.495097567963924
1.0
6.0
0.0
32.449961479175904
2.0
35.0
5.0
1.0
3.0
15.811388300841896
36.40054944640259
1.0
4.0
4.0
6.0
5.0
9.0
