927.4646152313799
-1066.6174243092537
911.7538999915123
973.4585473537445
8.69975370168686
-348.54982256889343
241.0379320383072
1324.6468411535025
856.2288976609707
126.11033582687378
-41.317645490169525
328.0996261239052
-66.71923100948334
1.5551410352345556
59.391774548217654
0.567246875651108
-1197.12761926651
-0.08106088144198509
-1.1368524060566187
46.59923696517944
-0.0363922943305397
-272.73936676979065
583.6271287500858
-0.3211929365461401
0.2636282877879239
0.20726891336994413
-137.6108057051897
-0.027262272800811616
141.91527664661407
0.5972817911697348
970.8949959278107
0.8214949348712253
-229.57189810276031
921.4834742546082
-0.3904447030945448
0.16893411634373479
0.5202590500684892
-1242.7263355255127
2390.563989639282
-0.04397529565460445
275.5519450902939
-367.7155160009861
3604.4152306318283
0.08121068332688353
94.7340042591095
-0.5413352618943463
220.9982118010521
1815.209953069687
238.6595813035965
164.18497467041016
