0.1369616873214543
-0.2302132862361297
-0.4590264760638053
-0.4834723644714709
0.3132702392002724
0.4127555772777217
0.10663577576717986
0.2294965609839984
0.04362499146542287
0.4350724237877682
0.31585355412153215
-0.4972614998298519
0.35740427658756935
-0.46641442469453565
0.22965544642994407
-0.324344379397441
0.3631789223498866
0.04146122024909171
-0.20028810946261522
-0.07731277880234155
-0.47168032885453703
-0.37571672350043606
0.17062441469363032
0.1471895115742501
0.11538511148125385
-0.11632244573811656
0.497209935789211
0.4808353387762301
0.1855419844806947
0.1504592762678163
0.18844673057094008
-0.11107857602089621
-0.3649034949775888
0.2214883401940817
0.025354322475725888
-0.18975812444104434
-0.014164641168210923
0.38948783434900025
0.4340435159562497
-0.14220480329092977
0.07152983072976093
-0.17813060892405785
0.0943000301996968
-0.16208877449286674
-0.10838099947183877
0.3902743520047923
-0.2728424064666203
0.12318714468604242
-0.4159846564176152
0.3326441476533978
