-589.4317283630371
-38.58226776123047
946.5737419128418
-979.8047285079956
-283.7571544647217
-559.7401161193848
2737.4940071105957
-314.8955874443054
968.3470306396484
7.468153893947601
-1662.0237102508545
229.55740356445312
-264.89648628234863
-0.3798371705415775
-1349.5411758422852
-1.4192554373876192
323.34349060058594
-286.4024085998535
1281.8496704101562
1125.2301445007324
-818.563850402832
577.280143737793
185.4799575805664
-33.83775329589844
1772.1830215454102
-1941.3939666748047
140.7281723022461
-2284.337860107422
-144.74640655517578
-231.86016082763672
-11.057226657867432
-2388.1128540039062
26.346128640696406
275.4407157897949
438.04361724853516
-944.2057266235352
94.12022018432617
170.9260711669922
10.226631164550781
64.93780899047852
199.9371795654297
-28.379258958622813
-922.4196128845215
2259.5208444595337
-75.7298812866211
272.80241775512695
61.395785331726074
481.0991744995117
1018.62744140625
2909.0243225097656
